HQ945219.1	KP899684.1	100.000	658	0.0	100	100
HQ945219.1	HQ945109.1	100.000	658	0.0	100	100
HQ945219.1	HQ945219.1	100.000	658	0.0	100	100
HQ945219.1	HM417100.1	99.388	654	0.0	99	99
HQ945219.1	KX844411.1	97.720	658	0.0	100	100
HQ945219.1	MF833701.1	100.000	588	0.0	89	89
HQ945219.1	MG166489.1	100.000	576	0.0	88	88
HQ945219.1	KX844207.1	97.419	620	0.0	94	94
HQ945219.1	MF835235.1	100.000	564	0.0	86	86
HQ945219.1	MF832129.1	100.000	552	0.0	84	84
HQ945219.1	KX844290.1	88.804	652	0.0	99	99
HQ945219.1	KX844027.1	88.872	647	0.0	98	98
HQ945219.1	KX844340.1	88.717	647	0.0	98	98
HQ945219.1	KX843809.1	88.462	624	0.0	95	95
HQ945219.1	KX844342.1	88.424	622	0.0	95	95
HQ945109.1	KP899684.1	100.000	658	0.0	100	100
HQ945109.1	HQ945109.1	100.000	658	0.0	100	100
HQ945109.1	HQ945219.1	100.000	658	0.0	100	100
HQ945109.1	HM417100.1	99.388	654	0.0	99	99
HQ945109.1	KX844411.1	97.720	658	0.0	100	100
HQ945109.1	MF833701.1	100.000	588	0.0	89	89
HQ945109.1	MG166489.1	100.000	576	0.0	88	88
HQ945109.1	KX844207.1	97.419	620	0.0	94	94
HQ945109.1	MF835235.1	100.000	564	0.0	86	86
HQ945109.1	MF832129.1	100.000	552	0.0	84	84
HQ945109.1	KX844290.1	88.804	652	0.0	99	99
HQ945109.1	KX844027.1	88.872	647	0.0	98	98
HQ945109.1	KX844340.1	88.717	647	0.0	98	98
HQ945109.1	KX843809.1	88.462	624	0.0	95	95
HQ945109.1	KX844342.1	88.424	622	0.0	95	95
HM417100.1	HM417100.1	100.000	654	0.0	100	100
HM417100.1	KP899684.1	99.388	654	0.0	100	100
HM417100.1	HQ945109.1	99.388	654	0.0	100	100
HM417100.1	HQ945219.1	99.388	654	0.0	100	100
HM417100.1	KX844411.1	98.318	654	0.0	100	100
HM417100.1	KX844207.1	98.061	619	0.0	95	95
HM417100.1	MF833701.1	99.320	588	0.0	90	90
HM417100.1	MG166489.1	99.306	576	0.0	88	88
HM417100.1	MF835235.1	99.291	564	0.0	86	86
HM417100.1	MF832129.1	99.275	552	0.0	84	84
HM417100.1	KX844290.1	88.633	651	0.0	99	99
HM417100.1	KX844027.1	88.717	647	0.0	99	99
HM417100.1	KX844340.1	88.545	646	0.0	99	99
HM417100.1	KX843809.1	88.283	623	0.0	95	95
HM417100.1	KX844342.1	88.245	621	0.0	95	95
MF480281.1	MF480281.1	100.000	726	0.0	91	58
MF480281.1	MF480281.1	100.000	428	0.0	91	34
MF414557.1	KP973929.1	100.000	815	0.0	94	48
MF414557.1	KP973929.1	100.000	784	0.0	94	46
MF414557.1	MF414557.1	100.000	815	0.0	94	48
MF414557.1	MF414557.1	100.000	784	0.0	94	46
MF835235.1	KP899684.1	100.000	564	0.0	100	100
MF835235.1	MG166489.1	100.000	564	0.0	100	100
MF835235.1	MF833701.1	100.000	564	0.0	100	100
MF835235.1	MF835235.1	100.000	564	0.0	100	100
MF835235.1	HQ945109.1	100.000	564	0.0	100	100
MF835235.1	HQ945219.1	100.000	564	0.0	100	100
MF835235.1	MF832129.1	100.000	552	0.0	98	98
MF835235.1	HM417100.1	99.291	564	0.0	100	100
MF835235.1	KX844411.1	97.518	564	0.0	100	100
MF835235.1	KX844207.1	97.340	564	0.0	100	100
MF835235.1	KX843809.1	88.468	555	0.0	98	98
MF835235.1	KX844290.1	88.468	555	0.0	98	98
MF835235.1	KX844340.1	88.468	555	0.0	98	98
MF835235.1	KX844342.1	88.468	555	0.0	98	98
MF835235.1	KX844027.1	88.566	551	0.0	98	98
MF833701.1	KP899684.1	100.000	588	0.0	100	100
MF833701.1	MF833701.1	100.000	588	0.0	100	100
MF833701.1	HQ945109.1	100.000	588	0.0	100	100
MF833701.1	HQ945219.1	100.000	588	0.0	100	100
MF833701.1	MG166489.1	100.000	576	0.0	98	98
MF833701.1	HM417100.1	99.320	588	0.0	100	100
MF833701.1	MF835235.1	100.000	564	0.0	96	96
MF833701.1	MF832129.1	100.000	552	0.0	94	94
MF833701.1	KX844411.1	97.619	588	0.0	100	100
MF833701.1	KX844207.1	97.449	588	0.0	100	100
MF833701.1	KX843809.1	88.095	588	0.0	100	100
MF833701.1	KX844290.1	88.095	588	0.0	100	100
MF833701.1	KX844340.1	88.095	588	0.0	100	100
MF833701.1	KX844342.1	88.095	588	0.0	100	100
MF833701.1	KX844027.1	88.185	584	0.0	99	99
MF832129.1	KP899684.1	100.000	552	0.0	100	100
MF832129.1	MG166489.1	100.000	552	0.0	100	100
MF832129.1	MF832129.1	100.000	552	0.0	100	100
MF832129.1	MF833701.1	100.000	552	0.0	100	100
MF832129.1	MF835235.1	100.000	552	0.0	100	100
MF832129.1	HQ945109.1	100.000	552	0.0	100	100
MF832129.1	HQ945219.1	100.000	552	0.0	100	100
MF832129.1	HM417100.1	99.275	552	0.0	100	100
MF832129.1	KX844411.1	97.464	552	0.0	100	100
MF832129.1	KX844207.1	97.283	552	0.0	100	100
MF832129.1	KX843809.1	88.462	546	0.0	99	99
MF832129.1	KX844027.1	88.462	546	0.0	99	99
MF832129.1	KX844290.1	88.462	546	0.0	99	99
MF832129.1	KX844340.1	88.462	546	0.0	99	99
MF832129.1	KX844342.1	88.462	546	0.0	99	99
MG166489.1	KP899684.1	100.000	576	0.0	100	100
MG166489.1	MG166489.1	100.000	576	0.0	100	100
MG166489.1	MF833701.1	100.000	576	0.0	100	100
MG166489.1	HQ945109.1	100.000	576	0.0	100	100
MG166489.1	HQ945219.1	100.000	576	0.0	100	100
MG166489.1	MF835235.1	100.000	564	0.0	98	98
MG166489.1	HM417100.1	99.306	576	0.0	100	100
MG166489.1	MF832129.1	100.000	552	0.0	96	96
MG166489.1	KX844411.1	97.569	576	0.0	100	100
MG166489.1	KX844207.1	97.396	576	0.0	100	100
MG166489.1	KX843809.1	87.847	576	0.0	100	100
MG166489.1	KX844290.1	87.847	576	0.0	100	100
MG166489.1	KX844340.1	87.847	576	0.0	100	100
MG166489.1	KX844342.1	87.847	576	0.0	100	100
MG166489.1	KX844027.1	87.937	572	0.0	99	99
KX844411.1	KX844411.1	100.000	658	0.0	100	100
KX844411.1	HM417100.1	98.318	654	0.0	99	99
KX844411.1	KP899684.1	97.720	658	0.0	100	100
KX844411.1	HQ945109.1	97.720	658	0.0	100	100
KX844411.1	HQ945219.1	97.720	658	0.0	100	100
KX844411.1	KX844207.1	99.516	620	0.0	94	94
KX844411.1	MF833701.1	97.619	588	0.0	89	89
KX844411.1	MG166489.1	97.569	576	0.0	88	88
KX844411.1	MF835235.1	97.518	564	0.0	86	86
KX844411.1	MF832129.1	97.464	552	0.0	84	84
KX844411.1	KX844290.1	88.957	652	0.0	99	99
KX844411.1	KX844027.1	89.026	647	0.0	98	98
KX844411.1	KX844340.1	88.872	647	0.0	98	98
KX844411.1	KX843809.1	88.622	624	0.0	95	95
KX844411.1	KX844342.1	88.585	622	0.0	95	95
KX844342.1	KX843809.1	100.000	622	0.0	100	100
KX844342.1	KX844290.1	100.000	622	0.0	100	100
KX844342.1	KX844340.1	100.000	622	0.0	100	100
KX844342.1	KX844342.1	100.000	622	0.0	100	100
KX844342.1	KX844027.1	100.000	617	0.0	99	99
KX844342.1	KX844411.1	88.585	622	0.0	100	100
KX844342.1	KP899684.1	88.424	622	0.0	100	100
KX844342.1	HQ945109.1	88.424	622	0.0	100	100
KX844342.1	HQ945219.1	88.424	622	0.0	100	100
KX844342.1	KX844207.1	88.387	620	0.0	99	99
KX844342.1	HM417100.1	88.245	621	0.0	99	99
KX844342.1	MF833701.1	88.095	588	0.0	95	95
KX844342.1	MG166489.1	87.847	576	0.0	93	93
KX844342.1	MF835235.1	88.468	555	0.0	89	89
KX844342.1	MF832129.1	88.462	546	0.0	88	88
KX844340.1	KX844290.1	100.000	647	0.0	100	100
KX844340.1	KX844340.1	100.000	647	0.0	100	100
KX844340.1	KX844027.1	100.000	642	0.0	99	99
KX844340.1	KX843809.1	100.000	624	0.0	96	96
KX844340.1	KX844342.1	100.000	622	0.0	96	96
KX844340.1	KX844411.1	88.872	647	0.0	100	100
KX844340.1	KP899684.1	88.717	647	0.0	100	100
KX844340.1	HQ945109.1	88.717	647	0.0	100	100
KX844340.1	HQ945219.1	88.717	647	0.0	100	100
KX844340.1	HM417100.1	88.545	646	0.0	99	99
KX844340.1	KX844207.1	88.387	620	0.0	96	96
KX844340.1	MF833701.1	88.095	588	0.0	91	91
KX844340.1	MG166489.1	87.847	576	0.0	89	89
KX844340.1	MF835235.1	88.468	555	0.0	86	86
KX844340.1	MF832129.1	88.462	546	0.0	84	84
KX844290.1	KX844290.1	100.000	658	0.0	100	100
KX844290.1	KX844027.1	100.000	653	0.0	99	99
KX844290.1	KX844340.1	100.000	647	0.0	98	98
KX844290.1	KX843809.1	100.000	624	0.0	95	95
KX844290.1	KX844342.1	100.000	622	0.0	95	95
KX844290.1	KX844411.1	88.957	652	0.0	99	99
KX844290.1	KP899684.1	88.619	659	0.0	100	100
KX844290.1	HQ945109.1	88.804	652	0.0	99	99
KX844290.1	HQ945219.1	88.804	652	0.0	99	99
KX844290.1	HM417100.1	88.633	651	0.0	99	99
KX844290.1	KX844207.1	88.387	620	0.0	94	94
KX844290.1	MF833701.1	88.095	588	0.0	89	89
KX844290.1	MG166489.1	87.847	576	0.0	88	88
KX844290.1	MF835235.1	88.468	555	0.0	84	84
KX844290.1	MF832129.1	88.462	546	0.0	83	83
KX844207.1	KX844207.1	100.000	620	0.0	100	100
KX844207.1	KX844411.1	99.516	620	0.0	100	100
KX844207.1	HM417100.1	98.061	619	0.0	99	99
KX844207.1	KP899684.1	97.419	620	0.0	100	100
KX844207.1	HQ945109.1	97.419	620	0.0	100	100
KX844207.1	HQ945219.1	97.419	620	0.0	100	100
KX844207.1	MF833701.1	97.449	588	0.0	95	95
KX844207.1	MG166489.1	97.396	576	0.0	93	93
KX844207.1	MF835235.1	97.340	564	0.0	91	91
KX844207.1	MF832129.1	97.283	552	0.0	89	89
KX844207.1	KX843809.1	88.387	620	0.0	100	100
KX844207.1	KX844290.1	88.387	620	0.0	100	100
KX844207.1	KX844340.1	88.387	620	0.0	100	100
KX844207.1	KX844342.1	88.387	620	0.0	100	100
KX844207.1	KX844027.1	88.455	615	0.0	99	99
KX844027.1	KX844027.1	100.000	653	0.0	100	100
KX844027.1	KX844290.1	100.000	653	0.0	100	100
KX844027.1	KX844340.1	100.000	642	0.0	98	98
KX844027.1	KX843809.1	100.000	619	0.0	95	95
KX844027.1	KX844342.1	100.000	617	0.0	94	94
KX844027.1	KX844411.1	89.026	647	0.0	99	99
KX844027.1	KP899684.1	88.685	654	0.0	100	100
KX844027.1	HQ945109.1	88.872	647	0.0	99	99
KX844027.1	HQ945219.1	88.872	647	0.0	99	99
KX844027.1	HM417100.1	88.717	647	0.0	99	99
KX844027.1	KX844207.1	88.455	615	0.0	94	94
KX844027.1	MF833701.1	88.185	584	0.0	89	89
KX844027.1	MG166489.1	87.937	572	0.0	88	88
KX844027.1	MF835235.1	88.566	551	0.0	84	84
KX844027.1	MF832129.1	88.462	546	0.0	84	84
KX843809.1	KX843809.1	100.000	624	0.0	100	100
KX843809.1	KX844290.1	100.000	624	0.0	100	100
KX843809.1	KX844340.1	100.000	624	0.0	100	100
KX843809.1	KX844342.1	100.000	622	0.0	99	99
KX843809.1	KX844027.1	100.000	619	0.0	99	99
KX843809.1	KX844411.1	88.622	624	0.0	100	100
KX843809.1	KP899684.1	88.462	624	0.0	100	100
KX843809.1	HQ945109.1	88.462	624	0.0	100	100
KX843809.1	HQ945219.1	88.462	624	0.0	100	100
KX843809.1	KX844207.1	88.387	620	0.0	99	99
KX843809.1	HM417100.1	88.283	623	0.0	99	99
KX843809.1	MF833701.1	88.095	588	0.0	94	94
KX843809.1	MG166489.1	87.847	576	0.0	92	92
KX843809.1	MF835235.1	88.468	555	0.0	89	89
KX843809.1	MF832129.1	88.462	546	0.0	88	88
KP686302.1	KP686302.1	100.000	1405	0.0	98	71
KP686302.1	KP686302.1	100.000	527	0.0	98	27
KP954413.1	KP954413.1	100.000	476	0.0	99	99
KP954413.1	KP260687.1	100.000	467	0.0	98	98
KP899684.1	KP899684.1	100.000	686	0.0	100	100
KP899684.1	HQ945109.1	100.000	658	0.0	96	96
KP899684.1	HQ945219.1	100.000	658	0.0	96	96
KP899684.1	HM417100.1	99.388	654	0.0	95	95
KP899684.1	KX844411.1	97.720	658	0.0	96	96
KP899684.1	MF833701.1	100.000	588	0.0	86	86
KP899684.1	MG166489.1	100.000	576	0.0	84	84
KP899684.1	KX844207.1	97.419	620	0.0	90	90
KP899684.1	MF835235.1	100.000	564	0.0	82	82
KP899684.1	MF832129.1	100.000	552	0.0	80	80
KP899684.1	KX844290.1	88.619	659	0.0	96	96
KP899684.1	KX844027.1	88.685	654	0.0	95	95
KP899684.1	KX844340.1	88.717	647	0.0	94	94
KP899684.1	KX843809.1	88.462	624	0.0	91	91
KP899684.1	KX844342.1	88.424	622	0.0	91	91
KP954381.1	KP954381.1	100.000	1339	0.0	100	100
KP954381.1	KP260754.1	94.201	707	0.0	93	53
KP954381.1	KP260754.1	93.878	539	0.0	93	40
KP954351.1	KP954351.1	100.000	786	0.0	100	100
KP954351.1	KP260725.1	97.992	747	0.0	95	95
KP899692.1	KP899692.1	100.000	852	0.0	100	100
KP260754.1	KP260754.1	100.000	1194	0.0	100	100
KP260754.1	KP954381.1	94.201	707	0.0	98	56
KP260754.1	KP954381.1	93.878	539	0.0	98	42
KP260725.1	KP260725.1	100.000	732	0.0	100	100
KP260725.1	KP954351.1	97.992	747	0.0	100	100
KP260687.1	KP260687.1	100.000	467	0.0	100	100
KP260687.1	KP954413.1	100.000	467	0.0	100	100
KP973929.1	KP973929.1	100.000	819	0.0	96	49
KP973929.1	KP973929.1	100.000	786	0.0	96	47
KP973929.1	MF414557.1	100.000	815	0.0	96	49
KP973929.1	MF414557.1	100.000	784	0.0	96	47
